25
0 8 0 0 0 0 0 9 0 0 47 0 0 0 49 0 34 22 0 0 9 24 0 0
0 0 0 0 6 0 0 15 0 0 0 0 0 0 0 12 0 6 50 0 0 26 0
35 0 35 16 0 0 0 0 45 0 49 41 0 41 0 0 0 0 0 5 0 0
0 0 0 0 6 0 0 0 0 0 0 0 0 0 0 6 0 0 0 0 0
0 41 0 0 40 0 0 0 0 0 0 0 0 0 33 19 41 0 0 0
16 0 0 0 0 0 31 8 42 0 0 0 0 0 1 0 0 0 28
0 21 0 20 0 0 0 0 0 13 0 0 0 0 0 0 0 0
0 0 0 29 3 47 32 0 0 0 0 45 31 0 0 0 0
0 0 0 0 0 0 0 50 40 0 0 0 0 0 0 0
0 0 0 0 0 0 0 0 0 0 0 32 0 0 4
0 0 0 0 5 0 0 15 0 0 0 0 16 0
0 35 38 0 33 2 0 13 33 0 0 14 0
0 0 0 0 0 0 0 0 0 0 0 0
0 0 0 0 0 0 0 0 0 0 0
0 0 26 38 0 0 0 0 0 0
0 0 0 0 0 0 0 9 40
29 30 0 13 30 0 0 0
25 46 0 2 0 0 0
0 0 17 33 0 0
0 0 0 0 43
0 0 12 0
27 0 0
0 0
0
