25
0 0 0 0 43 0 0 0 0 0 0 0 0 0 0 0 0 0 0 0 0 0 0 0
0 0 0 0 31 36 0 0 0 0 0 0 25 0 0 8 0 0 0 30 0 0 0
37 0 0 44 0 49 13 0 16 20 0 0 0 0 0 30 0 44 0 0 0 0
0 0 13 12 7 0 0 6 0 12 3 0 21 0 0 0 0 0 0 0 0
50 0 0 0 0 0 0 0 0 0 0 0 0 0 0 47 0 18 0 0
40 25 0 19 0 0 0 0 0 0 0 0 6 0 0 0 9 19 0
31 0 0 1 32 0 5 32 0 0 0 0 0 0 40 0 2 0
0 2 4 47 0 0 0 0 0 0 31 0 0 0 0 0 0
0 0 0 0 0 41 16 0 0 0 0 35 0 0 0 0
30 0 0 32 0 0 0 0 0 0 44 0 0 19 0
0 0 0 0 0 0 0 0 0 13 9 0 0 0
28 0 0 0 0 0 0 0 0 23 0 0 20
0 0 26 0 0 0 0 0 0 8 0 0
0 0 0 0 0 0 0 0 0 0 0
0 20 0 0 0 0 0 0 0 0
0 0 0 3 0 16 0 0 31
0 0 0 0 0 0 0 0
0 0 15 42 0 0 0
0 0 0 0 0 0
0 0 0 0 23
0 0 0 9
0 0 0
0 0
0
